contractSymbol,lastTradeDate,strike,lastPrice,bid,ask,change,percentChange,volume,openInterest,impliedVolatility,inTheMoney,contractSize,currency,Option_Type,Symbol,Expiry,Fetched_At,Data_Type
SPXW251128C02800000,2025-06-23 17:12:49+00:00,2800.0,3215.8,3581.5,3592.1,0.0,0.0,,1,1.0000000000000003e-05,True,REGULAR,USD,call,^SPX,2025-11-28,2025-09-06 10:53:41.384875,options
SPXW251128C03000000,2025-06-23 17:01:25+00:00,3000.0,3003.5,3385.3,3395.9,0.0,0.0,,3,1.0000000000000003e-05,True,REGULAR,USD,call,^SPX,2025-11-28,2025-09-06 10:53:41.384875,options
SPXW251128C03200000,2025-06-23 16:28:50+00:00,3200.0,2816.5,3189.2,3199.8,0.0,0.0,,3,1.0000000000000003e-05,True,REGULAR,USD,call,^SPX,2025-11-28,2025-09-06 10:53:41.384875,options
SPXW251128C03400000,2025-06-23 16:34:30+00:00,3400.0,2611.9,2993.3,3004.0,0.0,0.0,,1,1.0000000000000003e-05,True,REGULAR,USD,call,^SPX,2025-11-28,2025-09-06 10:53:41.384875,options
SPXW251128C04400000,2025-08-15 17:18:46+00:00,4400.0,2104.37,2102.9,2130.9,0.0,0.0,1.0,11,0.5230150238037108,True,REGULAR,USD,call,^SPX,2025-11-28,2025-09-06 10:53:41.384875,options
SPXW251128C04450000,2025-06-16 19:15:01+00:00,4450.0,1672.73,1919.3,1936.8,0.0,0.0,2.0,0,1.0000000000000003e-05,True,REGULAR,USD,call,^SPX,2025-11-28,2025-09-06 10:53:41.384875,options
SPXW251128C04550000,2025-06-16 19:16:03+00:00,4550.0,1578.38,1822.8,1840.1,0.0,0.0,,0,1.0000000000000003e-05,True,REGULAR,USD,call,^SPX,2025-11-28,2025-09-06 10:53:41.384875,options
SPXW251128C04825000,2025-07-29 16:24:09+00:00,4825.0,1624.03,1709.7,1719.5,0.0,0.0,,2,0.48474636352539063,True,REGULAR,USD,call,^SPX,2025-11-28,2025-09-06 10:53:41.384875,options
SPXW251128C04850000,2025-08-22 19:49:55+00:00,4850.0,1667.01,1661.5,1689.5,0.0,0.0,1.0,1,0.467591841468811,True,REGULAR,USD,call,^SPX,2025-11-28,2025-09-06 10:53:41.384875,options
SPXW251128C04875000,2025-06-16 20:02:46+00:00,4875.0,1285.88,1509.6,1530.5,0.0,0.0,,0,1.0000000000000003e-05,True,REGULAR,USD,call,^SPX,2025-11-28,2025-09-06 10:53:41.384875,options
SPXW251128C04900000,2025-06-24 15:23:29+00:00,4900.0,1292.25,1553.2,1581.2,0.0,0.0,,2,1.0000000000000003e-05,True,REGULAR,USD,call,^SPX,2025-11-28,2025-09-06 10:53:41.384875,options
SPXW251128C04925000,2025-07-29 16:24:09+00:00,4925.0,1527.78,1612.0,1621.6,0.0,0.0,1.0,2,0.46294558666229246,True,REGULAR,USD,call,^SPX,2025-11-28,2025-09-06 10:53:41.384875,options
SPXW251128C05000000,2025-07-08 15:32:54+00:00,5000.0,1323.58,1454.3,1482.3,0.0,0.0,1500.0,1501,0.20386538330078124,True,REGULAR,USD,call,^SPX,2025-11-28,2025-09-06 10:53:41.384875,options
SPXW251128C05150000,2025-07-15 16:20:01+00:00,5150.0,1220.23,1390.8,1401.5,0.0,0.0,,3,0.4139768075561523,True,REGULAR,USD,call,^SPX,2025-11-28,2025-09-06 10:53:41.384875,options
SPXW251128C05200000,2025-08-15 19:43:50+00:00,5200.0,1325.94,1320.5,1348.5,0.0,0.0,,1,0.3958609914016724,True,REGULAR,USD,call,^SPX,2025-11-28,2025-09-06 10:53:41.384875,options
SPXW251128C05225000,2025-08-15 19:43:50+00:00,5225.0,1302.16,1296.3,1324.3,0.0,0.0,,1,0.3909152858543396,True,REGULAR,USD,call,^SPX,2025-11-28,2025-09-06 10:53:41.384875,options
SPXW251128C05450000,2025-08-29 14:19:52+00:00,5450.0,1074.99,1079.7,1107.7,0.0,0.0,1.0,2,0.34717449707031245,True,REGULAR,USD,call,^SPX,2025-11-28,2025-09-06 10:53:41.384875,options
SPXW251128C05470000,2025-08-26 15:42:40+00:00,5470.0,1046.4,1060.6,1088.6,0.0,0.0,,33,0.343394169883728,True,REGULAR,USD,call,^SPX,2025-11-28,2025-09-06 10:53:41.384875,options
SPXW251128C05500000,2025-07-15 18:41:20+00:00,5500.0,903.16,1057.6,1067.6,0.0,0.0,8.0,8,0.348727063331604,True,REGULAR,USD,call,^SPX,2025-11-28,2025-09-06 10:53:41.384875,options
SPXW251128C05570000,2025-08-20 13:53:40+00:00,5570.0,902.98,965.6,993.6,0.0,0.0,,1,0.32480915065765376,True,REGULAR,USD,call,^SPX,2025-11-28,2025-09-06 10:53:41.384875,options
SPXW251128C05575000,2025-06-13 14:44:49+00:00,5575.0,641.26,854.8,862.8,0.0,0.0,,0,1.0000000000000003e-05,True,REGULAR,USD,call,^SPX,2025-11-28,2025-09-06 10:53:41.384875,options
SPXW251128C05600000,2025-06-18 19:39:51+00:00,5600.0,614.78,824.6,851.0,0.0,0.0,,1,1.0000000000000003e-05,True,REGULAR,USD,call,^SPX,2025-11-28,2025-09-06 10:53:41.384875,options
SPXW251128C05625000,2025-06-23 15:30:04+00:00,5625.0,590.5,857.3,867.5,0.0,0.0,2.0,3,0.17966518585205077,True,REGULAR,USD,call,^SPX,2025-11-28,2025-09-06 10:53:41.384875,options
SPXW251128C05650000,2025-08-29 14:19:52+00:00,5650.0,886.91,890.1,918.1,0.0,0.0,1.0,87,0.31005786384582523,True,REGULAR,USD,call,^SPX,2025-11-28,2025-09-06 10:53:41.384875,options
SPXW251128C05660000,2025-06-23 18:07:44+00:00,5660.0,580.84,826.2,836.0,0.0,0.0,2.0,3,0.18383842292785643,True,REGULAR,USD,call,^SPX,2025-11-28,2025-09-06 10:53:41.384875,options
SPXW251128C05670000,2025-06-30 15:13:51+00:00,5670.0,697.84,840.1,856.3,0.0,0.0,,1,0.24403755847930908,True,REGULAR,USD,call,^SPX,2025-11-28,2025-09-06 10:53:41.384875,options
SPXW251128C05680000,2025-06-13 15:56:52+00:00,5680.0,577.33,763.2,771.1,0.0,0.0,,0,1.0000000000000003e-05,True,REGULAR,USD,call,^SPX,2025-11-28,2025-09-06 10:53:41.384875,options
SPXW251128C05700000,2025-07-30 19:52:53+00:00,5700.0,784.3,834.9,862.9,0.0,0.0,1.0,3,0.29012626995086666,True,REGULAR,USD,call,^SPX,2025-11-28,2025-09-06 10:53:41.384875,options
SPXW251128C05720000,2025-06-20 15:06:13+00:00,5720.0,505.64,719.8,745.8,0.0,0.0,2.0,1,1.0000000000000003e-05,True,REGULAR,USD,call,^SPX,2025-11-28,2025-09-06 10:53:41.384875,options
SPXW251128C05725000,2025-07-18 14:05:52+00:00,5725.0,736.93,810.6,838.6,0.0,0.0,3.0,7,0.28454733098983753,True,REGULAR,USD,call,^SPX,2025-11-28,2025-09-06 10:53:41.384875,options
SPXW251128C05730000,2025-07-18 14:05:52+00:00,5730.0,732.68,806.1,834.1,0.0,0.0,3.0,3,0.28389311695098873,True,REGULAR,USD,call,^SPX,2025-11-28,2025-09-06 10:53:41.384875,options
SPXW251128C05740000,2025-06-24 17:35:09+00:00,5740.0,568.21,772.0,800.0,0.0,0.0,,2,0.24857318817138674,True,REGULAR,USD,call,^SPX,2025-11-28,2025-09-06 10:53:41.384875,options
SPXW251128C05750000,2025-09-02 16:02:01+00:00,5750.0,719.7,796.8,824.8,0.0,0.0,1.0,4,0.29214040996551505,True,REGULAR,USD,call,^SPX,2025-11-28,2025-09-06 10:53:41.384875,options
SPXW251128C05775000,2025-08-29 14:57:03+00:00,5775.0,769.36,774.2,802.2,0.0,0.0,1.0,23,0.2883696194267271,True,REGULAR,USD,call,^SPX,2025-11-28,2025-09-06 10:53:41.384875,options
SPXW251128C05780000,2025-08-29 14:57:03+00:00,5780.0,764.76,769.0,797.0,0.0,0.0,1.0,46,0.2867808139038085,True,REGULAR,USD,call,^SPX,2025-11-28,2025-09-06 10:53:41.384875,options
SPXW251128C05790000,2025-06-24 16:52:32+00:00,5790.0,530.36,728.0,756.0,0.0,0.0,,39,0.2446631625747681,True,REGULAR,USD,call,^SPX,2025-11-28,2025-09-06 10:53:41.384875,options
SPXW251128C05800000,2025-08-27 19:17:04+00:00,5800.0,773.3,750.6,778.6,0.0,0.0,5.0,28,0.2833056594467162,True,REGULAR,USD,call,^SPX,2025-11-28,2025-09-06 10:53:41.384875,options
SPXW251128C05810000,2025-06-25 16:59:48+00:00,5810.0,511.92,710.1,738.1,0.0,0.0,2.0,1,0.24248689954757688,True,REGULAR,USD,call,^SPX,2025-11-28,2025-09-06 10:53:41.384875,options
SPXW251128C05820000,2025-06-25 15:33:52+00:00,5820.0,503.54,701.6,729.6,0.0,0.0,,1,0.24195093994140626,True,REGULAR,USD,call,^SPX,2025-11-28,2025-09-06 10:53:41.384875,options
SPXW251128C05825000,2025-06-27 17:08:11+00:00,5825.0,569.79,697.5,725.5,0.0,0.0,2.0,5,0.24186511011123657,True,REGULAR,USD,call,^SPX,2025-11-28,2025-09-06 10:53:41.384875,options
SPXW251128C05830000,2025-06-26 16:59:25+00:00,5830.0,524.29,692.6,720.6,0.0,0.0,2.0,6,0.24073024902343748,True,REGULAR,USD,call,^SPX,2025-11-28,2025-09-06 10:53:41.384875,options
SPXW251128C05840000,2025-06-16 14:40:13+00:00,5840.0,472.0,634.4,650.5,0.0,0.0,,0,0.13442714336395262,True,REGULAR,USD,call,^SPX,2025-11-28,2025-09-06 10:53:41.384875,options
SPXW251128C05850000,2025-07-23 16:38:27+00:00,5850.0,646.77,717.8,724.9,0.0,0.0,6.0,19,0.26542253749847405,True,REGULAR,USD,call,^SPX,2025-11-28,2025-09-06 10:53:41.384875,options
SPXW251128C05860000,2025-06-30 18:42:07+00:00,5860.0,536.1,671.9,687.2,0.0,0.0,,1,0.22876557069778444,True,REGULAR,USD,call,^SPX,2025-11-28,2025-09-06 10:53:41.384875,options
SPXW251128C05870000,2025-06-11 19:59:58+00:00,5870.0,434.4,564.0,586.1,0.0,0.0,,6,1.0000000000000003e-05,True,REGULAR,USD,call,^SPX,2025-11-28,2025-09-06 10:53:41.384875,options
SPXW251128C05875000,2025-06-27 17:25:09+00:00,5875.0,526.34,654.4,681.9,0.0,0.0,4.0,4,0.2371845233726501,True,REGULAR,USD,call,^SPX,2025-11-28,2025-09-06 10:53:41.384875,options
SPXW251128C05880000,2025-07-24 13:30:05+00:00,5880.0,643.14,679.3,705.5,0.0,0.0,,1,0.26942792957305906,True,REGULAR,USD,call,^SPX,2025-11-28,2025-09-06 10:53:41.384875,options
SPXW251128C05890000,2025-06-16 13:49:50+00:00,5890.0,423.25,592.5,608.4,0.0,0.0,,0,0.14535232707977291,True,REGULAR,USD,call,^SPX,2025-11-28,2025-09-06 10:53:41.384875,options
SPXW251128C05900000,2025-08-27 19:17:04+00:00,5900.0,682.4,659.7,687.7,0.0,0.0,5.0,22,0.26633805568695074,True,REGULAR,USD,call,^SPX,2025-11-28,2025-09-06 10:53:41.384875,options
SPXW251128C05910000,2025-08-29 14:20:35+00:00,5910.0,651.66,650.6,678.6,0.0,0.0,5.0,6,0.26454516590118404,True,REGULAR,USD,call,^SPX,2025-11-28,2025-09-06 10:53:41.384875,options
SPXW251128C05920000,2025-06-24 20:02:57+00:00,5920.0,429.32,625.5,633.6,0.0,0.0,2.0,2,0.2215367916679382,True,REGULAR,USD,call,^SPX,2025-11-28,2025-09-06 10:53:41.384875,options
SPXW251128C05925000,2025-07-11 14:28:50+00:00,5925.0,537.47,608.7,618.4,0.0,0.0,2.0,12,0.20761710054397584,True,REGULAR,USD,call,^SPX,2025-11-28,2025-09-06 10:53:41.384875,options
SPXW251128C05940000,2025-06-12 15:18:42+00:00,5940.0,392.2,507.6,528.5,0.0,0.0,,5,1.0000000000000003e-05,True,REGULAR,USD,call,^SPX,2025-11-28,2025-09-06 10:53:41.384875,options
SPXW251128C05950000,2025-08-15 11:40:33+00:00,5950.0,652.58,614.6,642.6,0.0,0.0,1.0,7,0.25764826221466064,True,REGULAR,USD,call,^SPX,2025-11-28,2025-09-06 10:53:41.384875,options
SPXW251128C05960000,2025-07-07 14:59:45+00:00,5960.0,506.21,0.0,0.0,0.0,0.0,2.0,2,1.0000000000000003e-05,True,REGULAR,USD,call,^SPX,2025-11-28,2025-09-06 10:53:41.384875,options
SPXW251128C05970000,2025-06-25 18:55:59+00:00,5970.0,387.1,582.9,590.9,0.0,0.0,2.0,3,0.2171022504425049,True,REGULAR,USD,call,^SPX,2025-11-28,2025-09-06 10:53:41.384875,options
SPXW251128C05975000,2025-08-22 01:38:47+00:00,5975.0,536.61,592.2,620.2,0.0,0.0,1.0,5,0.2533014581489563,True,REGULAR,USD,call,^SPX,2025-11-28,2025-09-06 10:53:41.384875,options
SPXW251128C05980000,2025-08-04 16:02:56+00:00,5980.0,509.85,580.4,590.5,0.0,0.0,16.0,11,0.2252541769790649,True,REGULAR,USD,call,^SPX,2025-11-28,2025-09-06 10:53:41.384875,options
SPXW251128C05990000,2025-08-05 19:04:28+00:00,5990.0,490.74,579.5,607.5,0.0,0.0,1.0,7,0.251411294555664,True,REGULAR,USD,call,^SPX,2025-11-28,2025-09-06 10:53:41.384875,options
SPXW251128C06000000,2025-09-03 15:49:59+00:00,6000.0,555.49,570.6,598.6,0.0,0.0,1.0,1520,0.24966990266799924,True,REGULAR,USD,call,^SPX,2025-11-28,2025-09-06 10:53:41.384875,options
SPXW251128C06010000,2025-08-29 14:20:10+00:00,6010.0,562.6,561.5,589.5,0.0,0.0,3.0,533,0.24770535322189327,True,REGULAR,USD,call,^SPX,2025-11-28,2025-09-06 10:53:41.384875,options
SPXW251128C06020000,2025-07-08 13:47:39+00:00,6020.0,448.83,527.1,537.2,0.0,0.0,,1,0.1996578142929077,True,REGULAR,USD,call,^SPX,2025-11-28,2025-09-06 10:53:41.384875,options
SPXW251128C06025000,2025-07-14 15:15:42+00:00,6025.0,454.35,552.5,561.1,0.0,0.0,2.0,8,0.22954185382843018,True,REGULAR,USD,call,^SPX,2025-11-28,2025-09-06 10:53:41.384875,options
SPXW251128C06030000,2025-07-03 16:30:49+00:00,6030.0,477.88,405.6,433.6,0.0,0.0,,1,1.0000000000000003e-05,True,REGULAR,USD,call,^SPX,2025-11-28,2025-09-06 10:53:41.384875,options
SPXW251128C06040000,2025-07-29 14:02:01+00:00,6040.0,526.44,557.5,568.3,0.0,0.0,2.0,3,0.24782551498413086,True,REGULAR,USD,call,^SPX,2025-11-28,2025-09-06 10:53:41.384875,options
SPXW251128C06050000,2025-08-08 19:43:10+00:00,6050.0,495.04,526.7,553.1,0.0,0.0,2.0,27,0.2396793104362487,True,REGULAR,USD,call,^SPX,2025-11-28,2025-09-06 10:53:41.384875,options
SPXW251128C06060000,2025-07-29 16:07:29+00:00,6060.0,495.16,539.6,551.0,0.0,0.0,2.0,3,0.24455444478988647,True,REGULAR,USD,call,^SPX,2025-11-28,2025-09-06 10:53:41.384875,options
SPXW251128C06070000,2025-07-29 19:35:03+00:00,6070.0,482.37,0.0,0.0,0.0,0.0,,1,1.0000000000000003e-05,True,REGULAR,USD,call,^SPX,2025-11-28,2025-09-06 10:53:41.384875,options
SPXW251128C06075000,2025-07-29 16:09:23+00:00,6075.0,481.64,0.0,0.0,0.0,0.0,2.0,33,1.0000000000000003e-05,True,REGULAR,USD,call,^SPX,2025-11-28,2025-09-06 10:53:41.384875,options
SPXW251128C06080000,2025-07-07 17:30:24+00:00,6080.0,404.8,468.8,475.1,0.0,0.0,,1,0.1813817824554443,True,REGULAR,USD,call,^SPX,2025-11-28,2025-09-06 10:53:41.384875,options
SPXW251128C06090000,2025-07-17 14:12:26+00:00,6090.0,420.65,488.6,516.6,0.0,0.0,1.0,1,0.23128133838653564,True,REGULAR,USD,call,^SPX,2025-11-28,2025-09-06 10:53:41.384875,options
SPXW251128C06095000,2025-08-29 15:45:36+00:00,6095.0,487.91,487.8,513.3,0.0,0.0,1.0,1,0.23143964673995973,True,REGULAR,USD,call,^SPX,2025-11-28,2025-09-06 10:53:41.384875,options
SPXW251128C06100000,2025-09-02 15:09:14+00:00,6100.0,432.7,483.9,508.5,0.0,0.0,2.0,77,0.23013121866226194,True,REGULAR,USD,call,^SPX,2025-11-28,2025-09-06 10:53:41.384875,options
SPXW251128C06110000,2025-07-14 15:37:25+00:00,6110.0,392.91,481.1,489.4,0.0,0.0,2.0,3,0.21830577539443968,True,REGULAR,USD,call,^SPX,2025-11-28,2025-09-06 10:53:41.384875,options
SPXW251128C06120000,2025-08-29 14:20:23+00:00,6120.0,468.81,466.4,491.5,0.0,0.0,1.0,34,0.22697268091201778,True,REGULAR,USD,call,^SPX,2025-11-28,2025-09-06 10:53:41.384875,options
SPXW251128C06125000,2025-09-05 19:24:57+00:00,6125.0,477.12,462.2,487.1,29.220001,6.5237784,3.0,118,0.22602283079147337,True,REGULAR,USD,call,^SPX,2025-11-28,2025-09-06 10:53:41.384875,options
SPXW251128C06130000,2025-08-29 14:20:35+00:00,6130.0,460.74,458.2,482.8,0.0,0.0,1.0,5,0.2251645324897766,True,REGULAR,USD,call,^SPX,2025-11-28,2025-09-06 10:53:41.384875,options
SPXW251128C06140000,2025-08-25 15:01:57+00:00,6140.0,455.09,449.7,474.1,0.0,0.0,4.0,5,0.22333158878326415,True,REGULAR,USD,call,^SPX,2025-11-28,2025-09-06 10:53:41.384875,options
SPXW251128C06145000,2025-08-25 17:30:40+00:00,6145.0,453.51,445.5,470.1,0.0,0.0,,2,0.22273459463119505,True,REGULAR,USD,call,^SPX,2025-11-28,2025-09-06 10:53:41.384875,options
SPXW251128C06150000,2025-09-05 19:24:57+00:00,6150.0,455.77,441.7,465.0,7.6299744,1.7025871,3.0,152,0.2211000131988525,True,REGULAR,USD,call,^SPX,2025-11-28,2025-09-06 10:53:41.384875,options
SPXW251128C06160000,2025-07-31 15:38:59+00:00,6160.0,421.86,436.2,443.8,0.0,0.0,2.0,5,0.20750838275909422,True,REGULAR,USD,call,^SPX,2025-11-28,2025-09-06 10:53:41.384875,options
SPXW251128C06170000,2025-07-31 13:42:57+00:00,6170.0,424.19,428.1,436.1,0.0,0.0,,1,0.2066176598548889,True,REGULAR,USD,call,^SPX,2025-11-28,2025-09-06 10:53:41.384875,options
SPXW251128C06175000,2025-08-22 01:38:47+00:00,6175.0,372.27,420.2,444.2,0.0,0.0,2.0,107,0.21723385618209837,True,REGULAR,USD,call,^SPX,2025-11-28,2025-09-06 10:53:41.384875,options
SPXW251128C06180000,2025-08-26 16:16:11+00:00,6180.0,413.19,416.3,440.0,0.0,0.0,2.0,22,0.21640035316467285,True,REGULAR,USD,call,^SPX,2025-11-28,2025-09-06 10:53:41.384875,options
SPXW251128C06190000,2025-08-07 16:43:38+00:00,6190.0,343.5,407.9,431.2,0.0,0.0,2.0,2,0.2143499738883972,True,REGULAR,USD,call,^SPX,2025-11-28,2025-09-06 10:53:41.384875,options
SPXW251128C06200000,2025-08-19 14:27:25+00:00,6200.0,409.37,400.0,422.4,0.0,0.0,1.0,41,0.21227479932785034,True,REGULAR,USD,call,^SPX,2025-11-28,2025-09-06 10:53:41.384875,options
SPXW251128C06210000,2025-08-08 17:00:46+00:00,6210.0,365.15,391.4,414.2,0.0,0.0,2.0,4,0.21071460374832154,True,REGULAR,USD,call,^SPX,2025-11-28,2025-09-06 10:53:41.384875,options
SPXW251128C06220000,2025-08-28 15:52:58+00:00,6220.0,404.62,383.3,405.9,0.0,0.0,2.0,3,0.20903424640655516,True,REGULAR,USD,call,^SPX,2025-11-28,2025-09-06 10:53:41.384875,options
SPXW251128C06225000,2025-08-08 13:47:56+00:00,6225.0,346.3,379.1,401.9,0.0,0.0,4.0,24,0.2083170904922485,True,REGULAR,USD,call,^SPX,2025-11-28,2025-09-06 10:53:41.384875,options
SPXW251128C06230000,2025-09-02 13:40:48+00:00,6230.0,325.43,375.1,397.5,0.0,0.0,8.0,133,0.20723372730255124,True,REGULAR,USD,call,^SPX,2025-11-28,2025-09-06 10:53:41.384875,options
SPXW251128C06240000,2025-08-18 13:58:11+00:00,6240.0,375.0,367.1,389.4,0.0,0.0,1.0,15,0.2056697170639038,True,REGULAR,USD,call,^SPX,2025-11-28,2025-09-06 10:53:41.384875,options
SPXW251128C06250000,2025-09-05 07:51:37+00:00,6250.0,397.84,359.4,380.4,32.410004,8.869005,1.0,82,0.20327792579650875,True,REGULAR,USD,call,^SPX,2025-11-28,2025-09-06 10:53:41.384875,options
SPXW251128C06260000,2025-09-02 15:55:03+00:00,6260.0,293.8,351.0,372.5,0.0,0.0,5.0,8,0.2018245406723022,True,REGULAR,USD,call,^SPX,2025-11-28,2025-09-06 10:53:41.384875,options
SPXW251128C06265000,2025-09-02 16:53:40+00:00,6265.0,295.5,347.0,368.4,0.0,0.0,2.0,1,0.20095384472846983,True,REGULAR,USD,call,^SPX,2025-11-28,2025-09-06 10:53:41.384875,options
SPXW251128C06270000,2025-07-21 19:25:33+00:00,6270.0,303.57,306.2,307.1,0.0,0.0,4.0,30,0.14923565006256106,True,REGULAR,USD,call,^SPX,2025-11-28,2025-09-06 10:53:41.384875,options
SPXW251128C06275000,2025-09-02 16:21:32+00:00,6275.0,286.04,339.1,360.2,0.0,0.0,2.0,43,0.19918670389175414,True,REGULAR,USD,call,^SPX,2025-11-28,2025-09-06 10:53:41.384875,options
SPXW251128C06280000,2025-09-02 18:48:22+00:00,6280.0,291.4,335.1,356.1,0.0,0.0,5.0,34,0.19829025899887082,True,REGULAR,USD,call,^SPX,2025-11-28,2025-09-06 10:53:41.384875,options
SPXW251128C06295000,2025-08-25 14:43:11+00:00,6295.0,325.6,323.4,344.1,0.0,0.0,,3,0.19580500858306887,True,REGULAR,USD,call,^SPX,2025-11-28,2025-09-06 10:53:41.384875,options
SPXW251128C06300000,2025-09-03 18:54:23+00:00,6300.0,294.6,319.8,339.5,0.0,0.0,5.0,136,0.19444508260726928,True,REGULAR,USD,call,^SPX,2025-11-28,2025-09-06 10:53:41.384875,options
SPXW251128C06305000,2025-09-02 13:35:48+00:00,6305.0,272.0,315.5,335.8,0.0,0.0,5.0,5,0.19384713479042054,True,REGULAR,USD,call,^SPX,2025-11-28,2025-09-06 10:53:41.384875,options
SPXW251128C06310000,2025-09-02 15:55:02+00:00,6310.0,257.3,311.6,331.8,0.0,0.0,7.0,19,0.19298216083526615,True,REGULAR,USD,call,^SPX,2025-11-28,2025-09-06 10:53:41.384875,options
SPXW251128C06315000,2025-08-22 18:16:52+00:00,6315.0,325.8,307.7,327.8,0.0,0.0,3.0,3,0.19210860389709475,True,REGULAR,USD,call,^SPX,2025-11-28,2025-09-06 10:53:41.384875,options
SPXW251128C06320000,2025-09-02 13:35:48+00:00,6320.0,261.1,303.9,324.0,0.0,0.0,,11,0.19139526264190676,True,REGULAR,USD,call,^SPX,2025-11-28,2025-09-06 10:53:41.384875,options
SPXW251128C06325000,2025-08-29 14:34:16+00:00,6325.0,304.3,300.0,319.8,0.0,0.0,2.0,62,0.19033288007736207,True,REGULAR,USD,call,^SPX,2025-11-28,2025-09-06 10:53:41.384875,options
SPXW251128C06330000,2025-08-25 14:00:05+00:00,6330.0,303.6,305.3,307.0,0.0,0.0,4.0,29,0.18198640592575074,True,REGULAR,USD,call,^SPX,2025-11-28,2025-09-06 10:53:41.384875,options
SPXW251128C06335000,2025-08-26 14:16:18+00:00,6335.0,287.5,301.4,303.1,0.0,0.0,2.0,22,0.1811757908630371,True,REGULAR,USD,call,^SPX,2025-11-28,2025-09-06 10:53:41.384875,options
SPXW251128C06340000,2025-08-26 16:58:21+00:00,6340.0,286.4,297.5,299.2,0.0,0.0,2.0,14,0.18035563915252684,True,REGULAR,USD,call,^SPX,2025-11-28,2025-09-06 10:53:41.384875,options
SPXW251128C06345000,2025-09-04 19:55:23+00:00,6345.0,311.2,293.7,295.3,0.0,0.0,1.0,23,0.17952404346466067,True,REGULAR,USD,call,^SPX,2025-11-28,2025-09-06 10:53:41.384875,options
SPXW251128C06350000,2025-09-05 15:08:27+00:00,6350.0,275.88,289.8,291.5,-33.51999,-10.833868,7.0,171,0.1787649263000488,True,REGULAR,USD,call,^SPX,2025-11-28,2025-09-06 10:53:41.384875,options
SPXW251128C06355000,2025-08-27 18:50:49+00:00,6355.0,303.28,286.0,287.7,0.0,0.0,20.0,12,0.17799436515808106,True,REGULAR,USD,call,^SPX,2025-11-28,2025-09-06 10:53:41.384875,options
SPXW251128C06360000,2025-08-21 20:00:05+00:00,6360.0,235.26,282.2,283.9,0.0,0.0,8.0,10,0.17721426736831664,True,REGULAR,USD,call,^SPX,2025-11-28,2025-09-06 10:53:41.384875,options
SPXW251128C06365000,2025-08-26 19:46:01+00:00,6365.0,274.25,278.4,280.1,0.0,0.0,,1,0.17642081827163697,True,REGULAR,USD,call,^SPX,2025-11-28,2025-09-06 10:53:41.384875,options
SPXW251128C06370000,2025-08-28 14:33:11+00:00,6370.0,282.56,274.6,276.3,0.0,0.0,1.0,7,0.17561783252716068,True,REGULAR,USD,call,^SPX,2025-11-28,2025-09-06 10:53:41.384875,options
SPXW251128C06375000,2025-08-29 17:36:23+00:00,6375.0,257.52,270.8,272.4,-5.880005,-2.2323482,6.0,127,0.17471948030471804,True,REGULAR,USD,call,^SPX,2025-11-28,2025-09-06 10:53:41.384875,options
SPXW251128C06380000,2025-09-03 18:35:45+00:00,6380.0,236.0,267.1,268.7,0.0,0.0,70.0,42,0.17397371444702148,True,REGULAR,USD,call,^SPX,2025-11-28,2025-09-06 10:53:41.384875,options
SPXW251128C06385000,2025-09-04 15:04:48+00:00,6385.0,258.9,263.3,264.9,0.0,0.0,1.0,2,0.17313448944091797,True,REGULAR,USD,call,^SPX,2025-11-28,2025-09-06 10:53:41.384875,options
SPXW251128C06390000,2025-09-02 17:24:19+00:00,6390.0,211.38,259.6,261.2,0.0,0.0,1.0,43,0.17236583562850954,True,REGULAR,USD,call,^SPX,2025-11-28,2025-09-06 10:53:41.384875,options
SPXW251128C06395000,2025-09-03 18:35:58+00:00,6395.0,225.55,255.9,257.5,0.0,0.0,34.0,19,0.1715838305091858,True,REGULAR,USD,call,^SPX,2025-11-28,2025-09-06 10:53:41.384875,options
SPXW251128C06400000,2025-09-03 18:04:02+00:00,6400.0,221.63,252.2,253.8,0.0,0.0,300.0,407,0.17079038141250613,True,REGULAR,USD,call,^SPX,2025-11-28,2025-09-06 10:53:41.384875,options
SPXW251128C06405000,2025-09-02 14:01:44+00:00,6405.0,215.98,248.5,250.2,0.0,0.0,5.0,5,0.17006654984474184,True,REGULAR,USD,call,^SPX,2025-11-28,2025-09-06 10:53:41.384875,options
SPXW251128C06410000,2025-09-02 14:41:46+00:00,6410.0,206.6,244.9,246.5,0.0,0.0,1.0,377,0.16924735179901124,True,REGULAR,USD,call,^SPX,2025-11-28,2025-09-06 10:53:41.384875,options
SPXW251128C06415000,2025-09-03 19:44:09+00:00,6415.0,217.9,241.2,242.9,0.0,0.0,10.0,22,0.16849681761741642,True,REGULAR,USD,call,^SPX,2025-11-28,2025-09-06 10:53:41.384875,options
SPXW251128C06420000,2025-09-03 18:31:14+00:00,6420.0,208.01,237.6,239.2,0.0,0.0,63.0,50,0.16765091695785522,True,REGULAR,USD,call,^SPX,2025-11-28,2025-09-06 10:53:41.384875,options
SPXW251128C06425000,2025-09-04 14:23:12+00:00,6425.0,222.8,234.0,235.6,0.0,0.0,4.0,79,0.16687463382720952,True,REGULAR,USD,call,^SPX,2025-11-28,2025-09-06 10:53:41.384875,options
SPXW251128C06430000,2025-09-03 14:07:29+00:00,6430.0,213.0,230.4,232.1,0.0,0.0,4.0,51,0.16616510723114014,True,REGULAR,USD,call,^SPX,2025-11-28,2025-09-06 10:53:41.384875,options
SPXW251128C06435000,2025-09-04 15:02:16+00:00,6435.0,224.0,226.9,228.5,0.0,0.0,17.0,126,0.1653611678218842,True,REGULAR,USD,call,^SPX,2025-11-28,2025-09-06 10:53:41.384875,options
SPXW251128C06440000,2025-09-03 19:46:35+00:00,6440.0,201.86,223.3,225.0,0.0,0.0,52.0,52,0.1646239849472046,True,REGULAR,USD,call,^SPX,2025-11-28,2025-09-06 10:53:41.384875,options
SPXW251128C06445000,2025-09-03 19:38:49+00:00,6445.0,195.76,219.8,221.4,0.0,0.0,6.0,106,0.16379238925933842,True,REGULAR,USD,call,^SPX,2025-11-28,2025-09-06 10:53:41.384875,options
SPXW251128C06450000,2025-09-05 15:24:50+00:00,6450.0,217.0,216.3,217.9,-6.300003,-2.821318,23.0,242,0.16302659644126893,True,REGULAR,USD,call,^SPX,2025-11-28,2025-09-06 10:53:41.384875,options
SPXW251128C06455000,2025-09-04 19:57:54+00:00,6455.0,231.17,212.8,214.5,0.0,0.0,636.0,514,0.16232756015777589,True,REGULAR,USD,call,^SPX,2025-11-28,2025-09-06 10:53:41.384875,options
SPXW251128C06460000,2025-09-04 19:57:54+00:00,6460.0,227.62,209.4,211.0,0.0,0.0,634.0,535,0.1615331573963165,True,REGULAR,USD,call,^SPX,2025-11-28,2025-09-06 10:53:41.384875,options
SPXW251128C06465000,2025-09-05 14:45:31+00:00,6465.0,204.0,205.9,207.6,40.22,24.557335,4.0,5,0.1608055111694336,True,REGULAR,USD,call,^SPX,2025-11-28,2025-09-06 10:53:41.384875,options
SPXW251128C06470000,2025-09-04 17:20:15+00:00,6470.0,197.59,202.5,204.1,-8.410004,-4.0825257,1.0,14,0.15997963747024538,True,REGULAR,USD,call,^SPX,2025-11-28,2025-09-06 10:53:41.384875,options
SPXW251128C06475000,2025-09-02 19:06:05+00:00,6475.0,162.75,199.1,200.8,0.0,0.0,2.0,122,0.15930253547668458,True,REGULAR,USD,call,^SPX,2025-11-28,2025-09-06 10:53:41.384875,options
SPXW251128C06480000,2025-09-04 11:32:47+00:00,6480.0,188.33,195.7,197.4,0.0,0.0,1.0,45,0.1585281596755982,True,REGULAR,USD,call,^SPX,2025-11-28,2025-09-06 10:53:41.384875,options
SPXW251128C06485000,2025-08-29 14:41:01+00:00,6485.0,182.4,192.4,194.0,-8.700012,-4.5525966,1.0,51,0.1577385252380371,False,REGULAR,USD,call,^SPX,2025-11-28,2025-09-06 10:53:41.384875,options
SPXW251128C06490000,2025-08-25 19:39:20+00:00,6490.0,184.76,189.1,190.7,0.0,0.0,2.0,3,0.1570137400054932,False,REGULAR,USD,call,^SPX,2025-11-28,2025-09-06 10:53:41.384875,options
SPXW251128C06495000,2025-08-29 14:41:01+00:00,6495.0,184.7,185.8,187.4,0.0,0.0,1.0,13,0.1562717888069153,False,REGULAR,USD,call,^SPX,2025-11-28,2025-09-06 10:53:41.384875,options
SPXW251128C06500000,2025-09-05 20:08:15+00:00,6500.0,182.9,182.5,184.1,4.899994,2.7528055,315.0,168,0.15551457897186277,False,REGULAR,USD,call,^SPX,2025-11-28,2025-09-06 10:53:41.384875,options
SPXW251128C06505000,2025-08-28 19:57:07+00:00,6505.0,205.36,179.3,180.9,0.0,0.0,1.0,7,0.15482126467704777,False,REGULAR,USD,call,^SPX,2025-11-28,2025-09-06 10:53:41.384875,options
SPXW251128C06510000,2025-09-02 16:16:27+00:00,6510.0,132.9,176.0,177.7,0.0,0.0,3.0,17,0.15411078441619874,False,REGULAR,USD,call,^SPX,2025-11-28,2025-09-06 10:53:41.384875,options
SPXW251128C06515000,2025-09-02 14:16:39+00:00,6515.0,167.8,172.9,174.5,24.40001,17.015348,3.0,9,0.15338409185409546,False,REGULAR,USD,call,^SPX,2025-11-28,2025-09-06 10:53:41.384875,options
SPXW251128C06520000,2025-09-02 13:30:06+00:00,6520.0,136.0,169.7,171.3,0.0,0.0,4.0,191,0.1526402333259583,False,REGULAR,USD,call,^SPX,2025-11-28,2025-09-06 10:53:41.384875,options
SPXW251128C06525000,2025-09-04 17:00:07+00:00,6525.0,165.55,166.5,168.2,0.0,0.0,2.0,85,0.15195931667327883,False,REGULAR,USD,call,^SPX,2025-11-28,2025-09-06 10:53:41.384875,options
SPXW251128C06530000,2025-09-05 15:37:36+00:00,6530.0,163.4,163.4,165.1,28.819992,21.414766,36.0,12,0.15125932672500614,False,REGULAR,USD,call,^SPX,2025-11-28,2025-09-06 10:53:41.384875,options
SPXW251128C06535000,2025-09-05 19:53:37+00:00,6535.0,157.8,160.3,162.0,5.850006,3.8499548,9.0,3,0.1505440781402588,False,REGULAR,USD,call,^SPX,2025-11-28,2025-09-06 10:53:41.384875,options
SPXW251128C06540000,2025-09-05 15:37:08+00:00,6540.0,157.27,157.3,158.9,-10.190002,-6.0850363,38.0,13,0.14980880259513854,False,REGULAR,USD,call,^SPX,2025-11-28,2025-09-06 10:53:41.384875,options
SPXW251128C06545000,2025-09-02 13:48:42+00:00,6545.0,121.8,154.2,155.9,0.0,0.0,7.0,14,0.14913646892547605,False,REGULAR,USD,call,^SPX,2025-11-28,2025-09-06 10:53:41.384875,options
SPXW251128C06550000,2025-09-05 19:53:46+00:00,6550.0,148.4,151.2,152.9,10.899994,7.927268,40.0,896,0.148446015625,False,REGULAR,USD,call,^SPX,2025-11-28,2025-09-06 10:53:41.384875,options
SPXW251128C06555000,2025-09-04 19:51:13+00:00,6555.0,159.75,148.3,149.9,0.0,0.0,1.0,15,0.1477364890289307,False,REGULAR,USD,call,^SPX,2025-11-28,2025-09-06 10:53:41.384875,options
SPXW251128C06560000,2025-09-03 16:28:06+00:00,6560.0,137.8,145.3,146.9,6.300003,4.790877,5.0,21,0.1470078891372681,False,REGULAR,USD,call,^SPX,2025-11-28,2025-09-06 10:53:41.384875,options
SPXW251128C06570000,2025-09-05 13:33:07+00:00,6570.0,167.63,139.5,141.1,29.65001,21.488628,4.0,162,0.1456555924797058,False,REGULAR,USD,call,^SPX,2025-11-28,2025-09-06 10:53:41.384875,options
SPXW251128C06575000,2025-09-04 15:38:50+00:00,6575.0,135.17,136.7,138.3,0.0,0.0,2.0,244,0.14503189571380615,False,REGULAR,USD,call,^SPX,2025-11-28,2025-09-06 10:53:41.384875,options
SPXW251128C06580000,2025-09-05 17:42:18+00:00,6580.0,126.4,133.8,135.5,-14.120003,-10.048393,4.0,745,0.14438721832275392,False,REGULAR,USD,call,^SPX,2025-11-28,2025-09-06 10:53:41.384875,options
SPXW251128C06600000,2025-09-05 18:32:45+00:00,6600.0,120.05,122.9,124.5,1.2000046,1.0096799,8.0,252,0.14177417682647708,False,REGULAR,USD,call,^SPX,2025-11-28,2025-09-06 10:53:41.384875,options
SPXW251128C06605000,2025-08-28 14:20:13+00:00,6605.0,128.31,120.2,121.8,0.0,0.0,2.0,17,0.14110851881027223,False,REGULAR,USD,call,^SPX,2025-11-28,2025-09-06 10:53:41.384875,options
SPXW251128C06610000,2025-09-04 14:45:16+00:00,6610.0,113.7,117.6,119.2,0.0,0.0,1.0,6,0.14050580266952514,False,REGULAR,USD,call,^SPX,2025-11-28,2025-09-06 10:53:41.384875,options
SPXW251128C06615000,2025-09-02 13:48:42+00:00,6615.0,89.2,115.0,116.6,0.0,0.0,1.0,26,0.1398821059036255,False,REGULAR,USD,call,^SPX,2025-11-28,2025-09-06 10:53:41.384875,options
SPXW251128C06620000,2025-08-29 14:18:45+00:00,6620.0,112.47,112.4,114.0,0.0,0.0,44.0,22,0.13923552118301397,False,REGULAR,USD,call,^SPX,2025-11-28,2025-09-06 10:53:41.384875,options
SPXW251128C06625000,2025-09-04 15:54:57+00:00,6625.0,111.7,109.9,111.5,0.0,0.0,2.0,180,0.1386499710083008,False,REGULAR,USD,call,^SPX,2025-11-28,2025-09-06 10:53:41.384875,options
SPXW251128C06630000,2025-08-28 14:18:40+00:00,6630.0,116.23,107.4,109.0,0.0,0.0,86.0,57,0.13804344020843506,False,REGULAR,USD,call,^SPX,2025-11-28,2025-09-06 10:53:41.384875,options
SPXW251128C06635000,2025-08-22 14:46:33+00:00,6635.0,117.0,105.0,106.5,0.0,0.0,7.0,8,0.13741592878341677,False,REGULAR,USD,call,^SPX,2025-11-28,2025-09-06 10:53:41.384875,options
SPXW251128C06640000,2025-09-04 19:33:33+00:00,6640.0,110.92,102.5,104.1,0.0,0.0,1.0,8,0.13684754457473758,False,REGULAR,USD,call,^SPX,2025-11-28,2025-09-06 10:53:41.384875,options
SPXW251128C06645000,2025-09-04 18:16:24+00:00,6645.0,95.9,100.2,101.7,-10.900002,-10.205994,4.0,29,0.13625817974090576,False,REGULAR,USD,call,^SPX,2025-11-28,2025-09-06 10:53:41.384875,options
SPXW251128C06650000,2025-09-02 18:39:17+00:00,6650.0,74.27,97.8,99.4,0.0,0.0,34.0,375,0.1357317567825318,False,REGULAR,USD,call,^SPX,2025-11-28,2025-09-06 10:53:41.384875,options
SPXW251128C06660000,2025-08-25 17:23:30+00:00,6660.0,97.17,93.2,94.8,0.0,0.0,,1,0.13460833967208866,False,REGULAR,USD,call,^SPX,2025-11-28,2025-09-06 10:53:41.384875,options
SPXW251128C06665000,2025-08-27 19:46:06+00:00,6665.0,105.72,90.9,92.5,0.0,0.0,,6,0.13401134552001953,False,REGULAR,USD,call,^SPX,2025-11-28,2025-09-06 10:53:41.384875,options
SPXW251128C06670000,2025-09-03 18:21:57+00:00,6670.0,73.9,88.7,90.3,0.0,0.0,11.0,12,0.13347824690818783,False,REGULAR,USD,call,^SPX,2025-11-28,2025-09-06 10:53:41.384875,options
SPXW251128C06675000,2025-09-05 18:32:45+00:00,6675.0,84.35,86.6,88.1,4.0,4.9782205,20.0,134,0.13292035301208496,False,REGULAR,USD,call,^SPX,2025-11-28,2025-09-06 10:53:41.384875,options
SPXW251128C06680000,2025-08-29 19:53:01+00:00,6680.0,84.1,84.3,86.0,0.0,0.0,11.0,11,0.13242635465621952,False,REGULAR,USD,call,^SPX,2025-11-28,2025-09-06 10:53:41.384875,options
SPXW251128C06685000,2025-09-02 16:27:29+00:00,6685.0,81.1,82.3,83.9,22.55,38.51409,3.0,13,0.1319094683456421,False,REGULAR,USD,call,^SPX,2025-11-28,2025-09-06 10:53:41.384875,options
SPXW251128C06690000,2025-09-02 16:36:16+00:00,6690.0,57.47,80.2,81.8,0.0,0.0,2.0,9,0.13136778675079347,False,REGULAR,USD,call,^SPX,2025-11-28,2025-09-06 10:53:41.384875,options
SPXW251128C06700000,2025-09-05 19:53:04+00:00,6700.0,74.9,76.1,77.7,-11.019997,-12.825881,15.0,350,0.13029777486801142,False,REGULAR,USD,call,^SPX,2025-11-28,2025-09-06 10:53:41.384875,options
SPXW251128C06705000,2025-08-29 18:31:06+00:00,6705.0,76.0,74.2,75.8,0.0,0.0,33.0,31,0.1298629037284851,False,REGULAR,USD,call,^SPX,2025-11-28,2025-09-06 10:53:41.384875,options
SPXW251128C06710000,2025-09-04 17:57:12+00:00,6710.0,76.27,72.4,73.8,0.0,0.0,8.0,11,0.1293097781562805,False,REGULAR,USD,call,^SPX,2025-11-28,2025-09-06 10:53:41.384875,options
SPXW251128C06715000,2025-08-28 12:05:14+00:00,6715.0,81.4,70.5,71.9,0.0,0.0,,12,0.12882531644821163,False,REGULAR,USD,call,^SPX,2025-11-28,2025-09-06 10:53:41.384875,options
SPXW251128C06720000,2025-09-04 13:57:06+00:00,6720.0,66.04,68.6,70.1,0.0,0.0,1.0,36,0.12840761127471922,False,REGULAR,USD,call,^SPX,2025-11-28,2025-09-06 10:53:41.384875,options
SPXW251128C06725000,2025-09-04 17:57:12+00:00,6725.0,70.57,66.7,68.3,0.0,0.0,3.0,144,0.12796511081695555,False,REGULAR,USD,call,^SPX,2025-11-28,2025-09-06 10:53:41.384875,options
SPXW251128C06730000,2025-09-04 13:57:06+00:00,6730.0,62.61,65.0,66.5,0.0,0.0,1.0,3,0.12749590774536135,False,REGULAR,USD,call,^SPX,2025-11-28,2025-09-06 10:53:41.384875,options
SPXW251128C06735000,2025-08-29 19:53:01+00:00,6735.0,63.9,63.3,64.7,0.0,0.0,1.0,5,0.12700190938949585,False,REGULAR,USD,call,^SPX,2025-11-28,2025-09-06 10:53:41.384875,options
SPXW251128C06740000,2025-08-29 20:11:17+00:00,6740.0,58.2,61.4,63.0,-5.3499985,-8.418566,4.0,37,0.12657848222732546,False,REGULAR,USD,call,^SPX,2025-11-28,2025-09-06 10:53:41.384875,options
SPXW251128C06745000,2025-09-03 18:36:40+00:00,6745.0,48.9,59.9,61.3,0.0,0.0,1.0,28,0.12612835245132448,False,REGULAR,USD,call,^SPX,2025-11-28,2025-09-06 10:53:41.384875,options
SPXW251128C06750000,2025-09-05 19:52:46+00:00,6750.0,57.4,58.2,59.7,-9.089996,-13.671224,59.0,133,0.12574879386901858,False,REGULAR,USD,call,^SPX,2025-11-28,2025-09-06 10:53:41.384875,options
SPXW251128C06755000,2025-09-03 18:46:51+00:00,6755.0,72.8,56.7,57.6,26.000004,55.555565,1.0,4497,0.12484471965789794,False,REGULAR,USD,call,^SPX,2025-11-28,2025-09-06 10:53:41.384875,options
SPXW251128C06760000,2025-09-03 18:17:25+00:00,6760.0,45.18,55.1,56.5,0.0,0.0,2.0,8,0.12491529085159303,False,REGULAR,USD,call,^SPX,2025-11-28,2025-09-06 10:53:41.384875,options
SPXW251128C06765000,2025-08-29 16:28:18+00:00,6765.0,55.44,53.5,54.9,0.0,0.0,95.0,48,0.12445943908691406,False,REGULAR,USD,call,^SPX,2025-11-28,2025-09-06 10:53:41.384875,options
SPXW251128C06775000,2025-09-02 15:21:54+00:00,6775.0,36.8,50.5,51.9,0.0,0.0,9.0,12,0.12366789731979369,False,REGULAR,USD,call,^SPX,2025-11-28,2025-09-06 10:53:41.384875,options
SPXW251128C06780000,2025-08-21 07:49:01+00:00,6780.0,45.1,49.1,50.5,0.0,0.0,,15,0.1233379293060303,False,REGULAR,USD,call,^SPX,2025-11-28,2025-09-06 10:53:41.384875,options
SPXW251128C06800000,2025-09-05 20:03:31+00:00,6800.0,44.37,43.7,44.5,2.2299995,5.2918835,4.0,1160,0.12130471599578856,False,REGULAR,USD,call,^SPX,2025-11-28,2025-09-06 10:53:41.384875,options
SPXW251128C06805000,2025-09-02 14:14:17+00:00,6805.0,33.6,42.3,43.7,0.0,0.0,2.0,17,0.12149926361083985,False,REGULAR,USD,call,^SPX,2025-11-28,2025-09-06 10:53:41.384875,options
SPXW251128C06810000,2025-09-04 16:33:30+00:00,6810.0,41.4,41.1,42.4,0.0,0.0,13.0,14,0.12111589036941528,False,REGULAR,USD,call,^SPX,2025-11-28,2025-09-06 10:53:41.384875,options
SPXW251128C06815000,2025-09-04 19:01:11+00:00,6815.0,44.3,39.8,41.1,0.0,0.0,4.0,6,0.12070390718460083,False,REGULAR,USD,call,^SPX,2025-11-28,2025-09-06 10:53:41.384875,options
SPXW251128C06820000,2025-09-04 19:01:39+00:00,6820.0,43.1,38.6,39.9,0.0,0.0,5.0,1,0.12037775382995605,False,REGULAR,USD,call,^SPX,2025-11-28,2025-09-06 10:53:41.384875,options
SPXW251128C06825000,2025-09-05 16:09:52+00:00,6825.0,37.14,37.4,38.8,-1.2600021,-3.2812555,1.0,62,0.1201412449645996,False,REGULAR,USD,call,^SPX,2025-11-28,2025-09-06 10:53:41.384875,options
SPXW251128C06830000,2025-09-02 19:27:25+00:00,6830.0,28.1,36.3,37.6,0.0,0.0,1.0,2,0.11975977905273436,False,REGULAR,USD,call,^SPX,2025-11-28,2025-09-06 10:53:41.384875,options
SPXW251128C06835000,2025-08-21 19:29:31+00:00,6835.0,30.4,35.2,36.5,0.0,0.0,,12,0.1194717722892761,False,REGULAR,USD,call,^SPX,2025-11-28,2025-09-06 10:53:41.384875,options
SPXW251128C06840000,2025-08-29 18:05:01+00:00,6840.0,36.65,34.1,35.4,0.0,0.0,1.0,9,0.11915515558242798,False,REGULAR,USD,call,^SPX,2025-11-28,2025-09-06 10:53:41.384875,options
SPXW251128C06845000,2025-09-03 18:27:31+00:00,6845.0,27.35,33.0,34.3,0.0,0.0,24.0,61,0.11881183626174927,False,REGULAR,USD,call,^SPX,2025-11-28,2025-09-06 10:53:41.384875,options
SPXW251128C06850000,2025-09-03 18:46:51+00:00,6850.0,42.2,32.0,33.3,15.900002,60.456284,2.0,99,0.11856388341903687,False,REGULAR,USD,call,^SPX,2025-11-28,2025-09-06 10:53:41.384875,options
SPXW251128C06855000,2025-09-04 16:20:10+00:00,6855.0,31.9,31.0,32.3,0.0,0.0,16.0,40,0.11829113529205322,False,REGULAR,USD,call,^SPX,2025-11-28,2025-09-06 10:53:41.384875,options
SPXW251128C06860000,2025-09-03 17:42:13+00:00,6860.0,25.28,30.0,31.3,0.0,0.0,16.0,43,0.11798977722167968,False,REGULAR,USD,call,^SPX,2025-11-28,2025-09-06 10:53:41.384875,options
SPXW251128C06865000,2025-08-26 18:22:16+00:00,6865.0,31.8,29.0,30.3,0.0,0.0,1.0,1,0.11765980920791627,False,REGULAR,USD,call,^SPX,2025-11-28,2025-09-06 10:53:41.384875,options
SPXW251128C06875000,2025-09-02 18:30:04+00:00,6875.0,20.27,27.2,28.4,0.0,0.0,106.0,184,0.11704755641937255,False,REGULAR,USD,call,^SPX,2025-11-28,2025-09-06 10:53:41.384875,options
SPXW251128C06880000,2025-09-05 17:17:31+00:00,6880.0,26.3,26.3,27.6,-1.4000015,-5.054157,16.0,15,0.11690450670242308,False,REGULAR,USD,call,^SPX,2025-11-28,2025-09-06 10:53:41.384875,options
SPXW251128C06885000,2025-08-19 17:22:09+00:00,6885.0,28.4,25.5,26.7,0.0,0.0,,13,0.1165974266433716,False,REGULAR,USD,call,^SPX,2025-11-28,2025-09-06 10:53:41.384875,options
SPXW251128C06890000,2025-08-26 18:41:51+00:00,6890.0,27.8,24.6,25.9,0.0,0.0,,112,0.11640287902832032,False,REGULAR,USD,call,^SPX,2025-11-28,2025-09-06 10:53:41.384875,options
SPXW251128C06895000,2025-09-02 17:20:16+00:00,6895.0,17.4,23.8,25.0,0.0,0.0,6.0,14,0.11603857908248902,False,REGULAR,USD,call,^SPX,2025-11-28,2025-09-06 10:53:41.384875,options
SPXW251128C06900000,2025-09-05 16:41:29+00:00,6900.0,22.9,23.0,24.2,-4.2299995,-15.591595,40.0,138,0.11578871891021729,False,REGULAR,USD,call,^SPX,2025-11-28,2025-09-06 10:53:41.384875,options
SPXW251128C06905000,2025-08-29 18:46:08+00:00,6905.0,24.98,22.3,23.5,0.0,0.0,8.0,8,0.11566283515930176,False,REGULAR,USD,call,^SPX,2025-11-28,2025-09-06 10:53:41.384875,options
SPXW251128C06910000,2025-09-05 14:29:03+00:00,6910.0,24.08,21.5,22.7,-0.42000008,-1.714286,8.0,34,0.11535766242980958,False,REGULAR,USD,call,^SPX,2025-11-28,2025-09-06 10:53:41.384875,options
SPXW251128C06920000,2025-08-29 03:13:13+00:00,6920.0,28.98,20.1,21.3,0.0,0.0,1.0,1,0.11497428918838501,False,REGULAR,USD,call,^SPX,2025-11-28,2025-09-06 10:53:41.384875,options
SPXW251128C06925000,2025-09-02 18:30:04+00:00,6925.0,14.62,19.4,20.6,0.0,0.0,106.0,230,0.11474350231170656,False,REGULAR,USD,call,^SPX,2025-11-28,2025-09-06 10:53:41.384875,options
SPXW251128C06930000,2025-09-04 13:58:41+00:00,6930.0,18.4,18.8,19.9,0.0,0.0,2.0,3,0.11448410549163819,False,REGULAR,USD,call,^SPX,2025-11-28,2025-09-06 10:53:41.384875,options
SPXW251128C06935000,2025-08-27 18:16:14+00:00,6935.0,26.2,18.1,19.3,0.0,0.0,,12,0.11436203639984131,False,REGULAR,USD,call,^SPX,2025-11-28,2025-09-06 10:53:41.384875,options
SPXW251128C06940000,2025-08-29 18:05:01+00:00,6940.0,19.98,17.5,18.6,0.0,0.0,2.0,2,0.11404541969299317,False,REGULAR,USD,call,^SPX,2025-11-28,2025-09-06 10:53:41.384875,options
SPXW251128C06950000,2025-09-05 19:50:11+00:00,6950.0,16.4,16.3,17.4,-1.9500008,-10.626707,31.0,100,0.11366776844024658,False,REGULAR,USD,call,^SPX,2025-11-28,2025-09-06 10:53:41.384875,options
SPXW251128C06965000,2025-08-21 18:14:27+00:00,6965.0,14.15,14.7,15.7,0.0,0.0,,1,0.11308031093597413,False,REGULAR,USD,call,^SPX,2025-11-28,2025-09-06 10:53:41.384875,options
SPXW251128C06970000,2025-09-02 18:14:25+00:00,6970.0,11.13,14.1,15.2,0.0,0.0,1.0,0,0.11295824184417726,False,REGULAR,USD,call,^SPX,2025-11-28,2025-09-06 10:53:41.384875,options
SPXW251128C06975000,2025-09-02 13:47:29+00:00,6975.0,10.88,13.7,14.7,0.0,0.0,4.0,77,0.1128094701385498,False,REGULAR,USD,call,^SPX,2025-11-28,2025-09-06 10:53:41.384875,options
SPXW251128C06980000,2025-09-04 15:17:57+00:00,6980.0,13.63,13.2,14.2,0.0,0.0,1.0,4,0.11263399581909178,False,REGULAR,USD,call,^SPX,2025-11-28,2025-09-06 10:53:41.384875,options
SPXW251128C06985000,2025-09-04 19:59:56+00:00,6985.0,16.41,12.7,13.7,0.0,0.0,3.0,2,0.11243181888580321,False,REGULAR,USD,call,^SPX,2025-11-28,2025-09-06 10:53:41.384875,options
SPXW251128C06990000,2025-08-29 02:45:49+00:00,6990.0,18.6,12.3,13.3,0.0,0.0,1.0,1,0.11240893093109129,False,REGULAR,USD,call,^SPX,2025-11-28,2025-09-06 10:53:41.384875,options
SPXW251128C06995000,2025-09-04 19:59:56+00:00,6995.0,17.55,11.8,12.8,2.209999,14.406774,2.0,3,0.11215334877014158,False,REGULAR,USD,call,^SPX,2025-11-28,2025-09-06 10:53:41.384875,options
SPXW251128C07000000,2025-09-05 18:58:56+00:00,7000.0,11.5,11.4,12.4,-3.1999998,-21.768707,15.0,296,0.11208087024688719,False,REGULAR,USD,call,^SPX,2025-11-28,2025-09-06 10:53:41.384875,options
SPXW251128C07010000,2025-08-22 14:07:32+00:00,7010.0,14.0,10.6,11.6,0.0,0.0,2.0,2,0.11187106399536131,False,REGULAR,USD,call,^SPX,2025-11-28,2025-09-06 10:53:41.384875,options
SPXW251128C07020000,2025-09-03 15:12:33+00:00,7020.0,10.33,9.9,10.8,0.0,0.0,4.0,32,0.11156207660675048,False,REGULAR,USD,call,^SPX,2025-11-28,2025-09-06 10:53:41.384875,options
SPXW251128C07025000,2025-09-04 19:53:44+00:00,7025.0,12.13,9.6,10.5,0.0,0.0,1.0,6,0.11160403785705567,False,REGULAR,USD,call,^SPX,2025-11-28,2025-09-06 10:53:41.384875,options
SPXW251128C07045000,2025-08-29 03:04:05+00:00,7045.0,13.39,8.3,9.1,0.0,0.0,2.0,42,0.11106998558044431,False,REGULAR,USD,call,^SPX,2025-11-28,2025-09-06 10:53:41.384875,options
SPXW251128C07050000,2025-09-05 17:07:32+00:00,7050.0,8.0,8.2,8.7,0.4000001,5.2631593,4.0,2632,0.11073429557800293,False,REGULAR,USD,call,^SPX,2025-11-28,2025-09-06 10:53:41.384875,options
SPXW251128C07065000,2025-09-03 19:49:07+00:00,7065.0,6.67,7.2,8.0,0.0,0.0,2.0,7,0.11095173114776609,False,REGULAR,USD,call,^SPX,2025-11-28,2025-09-06 10:53:41.384875,options
SPXW251128C07075000,2025-09-02 15:46:52+00:00,7075.0,5.45,6.7,7.5,0.0,0.0,1.0,2,0.11090976989746093,False,REGULAR,USD,call,^SPX,2025-11-28,2025-09-06 10:53:41.384875,options
SPXW251128C07080000,2025-09-02 17:09:16+00:00,7080.0,5.36,6.4,7.2,0.0,0.0,2.0,3,0.11070377830505371,False,REGULAR,USD,call,^SPX,2025-11-28,2025-09-06 10:53:41.384875,options
SPXW251128C07085000,2025-09-04 19:53:44+00:00,7085.0,8.06,6.2,7.0,0.0,0.0,2.0,2,0.11078007148742675,False,REGULAR,USD,call,^SPX,2025-11-28,2025-09-06 10:53:41.384875,options
SPXW251128C07090000,2025-08-26 19:56:34+00:00,7090.0,8.82,6.0,6.8,0.0,0.0,,1,0.1108411060333252,False,REGULAR,USD,call,^SPX,2025-11-28,2025-09-06 10:53:41.384875,options
SPXW251128C07100000,2025-09-05 15:50:34+00:00,7100.0,6.2,5.6,6.3,0.5,8.77193,2.0,250,0.11057407989501952,False,REGULAR,USD,call,^SPX,2025-11-28,2025-09-06 10:53:41.384875,options
SPXW251128C07110000,2025-09-04 17:41:49+00:00,7110.0,6.1,5.2,6.0,0.0,0.0,1.0,3,0.11090976989746093,False,REGULAR,USD,call,^SPX,2025-11-28,2025-09-06 10:53:41.384875,options
SPXW251128C07120000,2025-09-03 20:04:26+00:00,7120.0,5.1,4.9,5.6,0.0,0.0,1.0,4,0.11081821807861328,False,REGULAR,USD,call,^SPX,2025-11-28,2025-09-06 10:53:41.384875,options
SPXW251128C07140000,2025-09-02 17:08:54+00:00,7140.0,4.7,4.3,5.0,0.89999986,23.684206,2.0,4,0.11116916671752927,False,REGULAR,USD,call,^SPX,2025-11-28,2025-09-06 10:53:41.384875,options
SPXW251128C07150000,2025-09-05 15:13:10+00:00,7150.0,4.34,4.0,4.6,-1.1599998,-21.090906,3.0,163,0.11083347671508789,False,REGULAR,USD,call,^SPX,2025-11-28,2025-09-06 10:53:41.384875,options
SPXW251128C07160000,2025-09-05 15:04:27+00:00,7160.0,4.14,3.7,4.4,-1.04,-20.077219,4.0,4,0.11126071853637695,False,REGULAR,USD,call,^SPX,2025-11-28,2025-09-06 10:53:41.384875,options
SPXW251128C07200000,2025-09-04 15:36:59+00:00,7200.0,3.49,3.0,3.5,0.0,0.0,2.0,4934,0.11199313308715819,False,REGULAR,USD,call,^SPX,2025-11-28,2025-09-06 10:53:41.384875,options
SPXW251128C07210000,2025-09-01 15:26:06+00:00,7210.0,3.82,2.7,3.4,0.0,0.0,1.0,1,0.11269503036499023,False,REGULAR,USD,call,^SPX,2025-11-28,2025-09-06 10:53:41.384875,options
SPXW251128C07300000,2025-09-01 15:26:06+00:00,7300.0,2.43,1.65,2.15,0.0,0.0,3.0,139,0.11535003311157227,False,REGULAR,USD,call,^SPX,2025-11-28,2025-09-06 10:53:41.384875,options
SPXW251128C07310000,2025-08-26 19:57:27+00:00,7310.0,2.7,1.5,2.15,0.0,0.0,,1,0.11647917221069337,False,REGULAR,USD,call,^SPX,2025-11-28,2025-09-06 10:53:41.384875,options
SPXW251128C07320000,2025-09-01 15:21:12+00:00,7320.0,2.22,1.4,2.1,0.0,0.0,3.0,2,0.11721158676147461,False,REGULAR,USD,call,^SPX,2025-11-28,2025-09-06 10:53:41.384875,options
SPXW251128C07330000,2025-08-28 17:32:33+00:00,7330.0,2.64,1.35,2.0,0.0,0.0,,1,0.1175320181274414,False,REGULAR,USD,call,^SPX,2025-11-28,2025-09-06 10:53:41.384875,options
SPXW251128C07400000,2025-08-25 17:41:52+00:00,7400.0,1.8,0.95,1.55,0.0,0.0,15.0,64,0.12102624588012695,False,REGULAR,USD,call,^SPX,2025-11-28,2025-09-06 10:53:41.384875,options
SPXW251128C07430000,2025-08-28 17:32:33+00:00,7430.0,1.75,0.8,1.4,0.0,0.0,,1,0.12258262680053711,False,REGULAR,USD,call,^SPX,2025-11-28,2025-09-06 10:53:41.384875,options
SPXW251128C07500000,2025-09-05 13:55:05+00:00,7500.0,1.2,0.6,1.15,0.27000004,29.032263,2.0,46,0.12671771728515624,False,REGULAR,USD,call,^SPX,2025-11-28,2025-09-06 10:53:41.384875,options
SPXW251128C07600000,2025-09-05 17:25:54+00:00,7600.0,0.6,0.4,0.85,-0.32999998,-35.48387,34.0,29,0.1319361709594727,False,REGULAR,USD,call,^SPX,2025-11-28,2025-09-06 10:53:41.384875,options
